100
1 10
5 15
3 10000
5 67
78 89983
456 3475
27 472384
213 32485
565 43547
345 534567
1 10
2 25
3 10000
5 67
78 89983
456 3475
27 472384
213 32485
565 43547
345 5345671 10
2 25
3 10000
5 67
78 89983
456 3475
27 472384
213 32485
565 43547
345 5345671 10
2 25
3 10000
5 67
78 89983
456 3475
27 472384
213 32485
565 43547
345 5345671 10
2 25
3 10000
5 67
78 89983
456 3475
27 472384
213 32485
565 43547
345 5345671 10
2 25
3 10000
5 67
78 89983
456 3475
27 472384
213 32485
565 43547
345 5345671 10
2 25
3 10000
5 67
78 89983
456 3475
27 472384
213 32485
565 43547
345 5345671 10
2 25
3 10000
5 67
78 89983
456 3475
27 472384
213 32485
565 43547
345 5345671 10
2 25
3 10000
5 67
78 89983
456 3475
27 472384
213 32485
565 43547
345 5345671 10
2 25
3 10000
5 67
78 89983
456 3475
27 472384
213 32485
565 43547
345 5345671
78 89983
456 3475
27 472384
213 32485
565 43547
345 534567
5948 383949
1000000 100000007